
 ### Operon: 1

	 BAG05582.1	[0, 66, 65, 75, 80, 64, 0, 0, 63]

 ### Operon: 2

	 WP_104397532.1	[0, 66, 65, 75, 80, 64, 10000, 63, 0]

 ### Operon: 3

	 WP_024544479.1	[15, 16, 12, 75, 80, 74, 17, 0, 0]

 ### Operon: 4

	 WP_030007129.1	[15, 16, 12, 75, 80, 74, 0, 17, 73]

 ### Operon: 5

	 WP_069967886.1	[0, 0, 71, 75, 80, 78, 79, 70, 59]

 ### Operon: 6

	 WP_168571633.1	[0, 26, 71, 75, 80, 78, 79, 70, 0]

 ### Operon: 7

	 EDX73328.1	[0, 71, 0, 75, 80, 78, 59, 0, 0]

 ### Operon: 8

	 WP_071102121.1	[10000, 71, 0, 75, 80, 78, 59, 70, 0]

 ### Operon: 9

	 ERT09159.1	[0, 71, 0, 75, 80, 78, 79, 70, 72]

 ### Operon: 10

	 WP_019504521.1	[13, 21, 71, 75, 80, 29, 28, 0, 19]

 ### Operon: 11

	 WP_036482472.1	[13, 21, 71, 75, 80, 29, 28, 19, 0]

 ### Operon: 12

	 BAZ39800.1	[62, 61, 71, 75, 80, 77, 78, 60, 0]

 ### Operon: 13

	 WP_144416121.1	[0, 61, 71, 75, 80, 77, 78, 11, 10]

 ### Operon: 14

	 PZO49560.1	[48, 47, 46, 75, 80, 78, 45]
	 PZO08615.1	[48, 47, 46, 75, 80, 78, 45]

 ### Operon: 15

	 WP_106882388.1	[48, 47, 46, 75, 80, 78]

 ### Operon: 16

	 WP_006455717.1	[48, 47, 46, 75, 80, 78, 45, 0, 0]

 ### Operon: 17

	 WP_023071406.1	[48, 47, 46, 75, 80, 78, 45, 22, 27]

 ### Operon: 18

	 WP_121967814.1	[48, 47, 46, 75, 80, 78, 45, 0, 22]

 ### Operon: 19

	 WP_052584896.1	[10000, 75, 80]

 ### Operon: 20

	 WP_084639422.1	[71, 75, 80, 78]

 ### Operon: 21

	 WP_048321220.1	[18, 35, 30, 75, 80]

 ### Operon: 22

	 OKH36044.1	[0, 0, 71, 75, 80, 77, 78, 79, 70]

 ### Operon: 23

	 WP_067774034.1	[0, 0, 71, 75, 80, 77, 78, 79, 70]

 ### Operon: 24

	 WP_082218351.1	[10000, 0, 71, 75, 80, 0, 78, 79, 70]

 ### Operon: 25

	 WP_046281311.1	[75, 80, 10000, 78, 79, 70]

 ### Operon: 26

	 CBN56019.1	[75, 80, 0, 78, 0, 79]

 ### Operon: 27

	 CDM93748.1	[0, 0, 71, 75, 80, 76, 78, 79, 0]

 ### Operon: 28

	 PLS68317.1	[55, 10000, 71, 75, 80, 56, 0, 10000]

 ### Operon: 29

	 RMF21621.1	[0, 0, 71, 75, 80, 42]

 ### Operon: 30

	 TKZ26913.1	[10000, 0, 71, 75, 80, 78, 0, 0, 0]

 ### Operon: 31

	 WP_073607616.1	[48, 47, 46, 75, 80, 78, 7, 8, 0]

 ### Operon: 32

	 WP_080808153.1	[48, 47, 46, 75, 80, 78, 0, 0, 0]

 ### Operon: 33

	 ACL45117.1	[0, 0, 0, 75, 80, 77, 78, 79, 0]

 ### Operon: 34

	 AFY81343.1	[0, 0, 71, 75, 80, 78, 70, 69, 0]

 ### Operon: 35

	 KOR37720.1	[0, 59, 71, 75, 80, 78, 0, 0, 0]

 ### Operon: 36

	 KST67722.1	[0, 61, 71, 75, 80, 78, 79, 0, 0]

 ### Operon: 37

	 OLP20417.1	[57, 0, 71, 75, 80, 77, 78, 58, 0]

 ### Operon: 38

	 OUC15092.1	[0, 56, 71, 75, 80, 77, 78, 73, 0]

 ### Operon: 39

	 PSP15035.1	[52, 0, 71, 75, 80, 0, 53, 54, 0]

 ### Operon: 40

	 PSP17127.1	[0, 50, 71, 75, 80, 53, 54, 51, 0]

 ### Operon: 41

	 PZD71832.1	[49, 73, 71, 75, 80, 78, 0, 0, 0]

 ### Operon: 42

	 RMG07956.1	[0, 0, 0, 75, 80, 78, 0, 10000, 0]

 ### Operon: 43

	 TVQ19912.1	[0, 0, 71, 75, 80, 78, 0, 0, 0]

 ### Operon: 44

	 WP_006528479.1	[0, 0, 71, 75, 80, 0, 0, 10000, 39]

 ### Operon: 45

	 WP_009555277.1	[0, 33, 0, 75, 80, 78, 10000, 0, 0]

 ### Operon: 46

	 WP_013322190.1	[0, 0, 0, 75, 80, 0, 0, 10000, 10000]

 ### Operon: 47

	 WP_015166536.1	[0, 37, 71, 75, 80, 44, 0, 0, 0]

 ### Operon: 48

	 WP_015192774.1	[0, 0, 71, 75, 80, 29, 28, 49, 0]

 ### Operon: 49

	 WP_015200940.1	[72, 61, 71, 75, 80, 78, 27, 0, 70]

 ### Operon: 50

	 WP_015203352.1	[0, 26, 71, 75, 80, 0, 78, 62, 25]

 ### Operon: 51

	 WP_017295263.1	[10000, 0, 14, 75, 80, 0, 0, 0, 0]

 ### Operon: 52

	 WP_019500117.1	[59, 59, 71, 75, 80, 77, 44, 0, 0]

 ### Operon: 53

	 WP_023172072.1	[0, 0, 71, 75, 80, 77, 0, 0, 0]

 ### Operon: 54

	 WP_028954273.1	[10000, 62, 32, 75, 80, 78, 59, 0, 0]

 ### Operon: 55

	 WP_018400175.1	[0, 0, 0, 75, 80, 78, 59, 0, 33]

 ### Operon: 56

	 WP_068817853.1	[26, 56, 71, 75, 80, 78, 0, 0, 9]

 ### Operon: 57

	 WP_071455489.1	[0, 60, 64, 75, 80, 78, 0, 10000, 0]

 ### Operon: 58

	 WP_073548873.1	[0, 0, 12, 75, 80, 78, 79, 70, 69]

 ### Operon: 59

	 WP_075889505.1	[0, 12, 10000, 75, 80, 74, 17, 70, 0]

 ### Operon: 60

	 WP_088243775.1	[0, 0, 71, 75, 80, 59, 68, 0, 0]

 ### Operon: 61

	 WP_096691558.1	[23, 23, 71, 75, 80, 77, 78, 62, 0]

 ### Operon: 62

	 WP_106258366.1	[0, 3, 59, 75, 80, 78, 59, 0, 0]

 ### Operon: 63

	 WP_106287117.1	[0, 61, 71, 75, 80, 78, 69, 0, 0]

 ### Operon: 64

	 WP_106456638.1	[0, 0, 0, 75, 80, 51, 0]

 ### Operon: 65

	 WP_107671288.1	[18, 35, 30, 75, 80, 40, 0, 0, 62]

 ### Operon: 66

	 WP_132866703.1	[50, 0, 71, 75, 80, 78, 0, 0, 69]

 ### Operon: 67

	 WP_161825902.1	[0, 0, 6, 75, 80, 77, 78, 0, 10000]

 ### Operon: 68

	 WP_015126244.1	[59, 0, 69, 75, 80, 77, 78, 72, 57]

 ### Operon: 69

	 WP_162548634.1	[1, 55, 0, 75, 80, 78, 79, 70, 0]

 ### Operon: 70

	 WP_166274714.1	[34, 0, 71, 75, 80, 78, 0, 59, 62]

 ### Operon: 71

	 WP_169613988.1	[0, 0, 0, 75, 80, 78, 7, 8, 0]

 ### Operon: 72

	 AFY67793.1	[0, 74, 77, 75, 80, 73, 0, 0, 72]

 ### Operon: 73

	 AIE75570.1	[0, 75, 68, 75, 80, 0, 0, 0, 0]

 ### Operon: 74

	 PZV10928.1	[0, 0, 0, 75, 80, 44, 0, 0, 0]

 ### Operon: 75

	 PZV25621.1	[73, 0, 68, 75, 80, 59, 0, 43, 0]

 ### Operon: 76

	 RNJ67070.1	[0, 0, 0, 75, 80, 78, 41, 40, 39]

 ### Operon: 77

	 TVQ43653.1	[38, 0, 38, 75, 80, 0, 37, 0, 61]

 ### Operon: 78

	 WP_006511796.1	[0, 0, 36, 75, 80, 0, 0, 0, 60]

 ### Operon: 79

	 WP_011431089.1	[0, 0, 0, 75, 80, 0, 31, 0, 61]

 ### Operon: 80

	 WP_012954188.1	[0, 0, 30, 75, 80, 40, 0, 0, 0]

 ### Operon: 81

	 WP_015116529.1	[67, 67, 71, 67, 80, 67, 67, 67, 67]

 ### Operon: 82

	 WP_015144817.1	[36, 65, 0, 75, 80, 0, 0, 0, 0]

 ### Operon: 83

	 WP_015218062.1	[0, 0, 31, 75, 80, 0, 24, 24, 43]

 ### Operon: 84

	 WP_015224605.1	[0, 0, 0, 75, 80, 78, 32, 0, 0]

 ### Operon: 85

	 WP_015230632.1	[0, 0, 0, 75, 80, 78, 27, 0, 23]

 ### Operon: 86

	 WP_017304341.1	[0, 0, 0, 75, 80, 78, 0, 0, 0]

 ### Operon: 87

	 WP_017711242.1	[0, 0, 0, 75, 80, 78, 0, 0, 0]

 ### Operon: 88

	 WP_022606389.1	[42, 0, 0, 75, 80, 78, 0, 0, 0]

 ### Operon: 89

	 WP_026100966.1	[0, 0, 0, 75, 80, 0, 0, 22, 0]

 ### Operon: 90

	 WP_068390409.1	[0, 32, 0, 75, 80, 78, 0, 0, 41]

 ### Operon: 91

	 WP_069790862.1	[0, 43, 14, 75, 80, 0, 74, 0, 0]

 ### Operon: 92

	 WP_071591932.1	[20, 20, 0, 75, 80, 78, 21, 52, 0]

 ### Operon: 93

	 WP_071992200.1	[34, 0, 0, 75, 80, 78, 0, 0, 61]

 ### Operon: 94

	 WP_072620600.1	[61, 0, 0, 75, 80, 78, 0, 0, 0]

 ### Operon: 95

	 WP_084782559.1	[0, 0, 0, 75, 80, 78, 0, 10, 11]

 ### Operon: 96

	 WP_085435726.1	[6, 2, 0, 75, 80, 0, 0, 9, 0]

 ### Operon: 97

	 WP_088894709.1	[0, 0, 0, 75, 80, 78, 0, 0, 0]

 ### Operon: 98

	 WP_096621581.1	[0, 0, 0, 75, 80, 0, 4, 5, 58]

 ### Operon: 99

	 WP_106300434.1	[0, 72, 0, 75, 80, 5, 4, 25, 0]

 ### Operon: 100

	 WP_124972497.1	[0, 0, 0, 75, 80, 0, 0, 0, 0]

 ### Operon: 101

	 WP_144868371.1	[0, 2, 0, 75, 80, 0, 0, 0, 1]

 ### Operon: 102

	 WP_146296165.1	[69, 72, 0, 75, 80, 78, 0, 69, 60]

 ### Operon: 103

	 WP_162425297.1	[0, 0, 0, 75, 80, 78, 3, 0, 0]
